0 role_0 role_1 role_2 role_3
0 0.4265347142933812 0.07346528570661881 0.4265347142933812 0.07346528570661881
1 0.4265347142933812 0.07346528570661881 0.4265347142933812 0.07346528570661881
2 0.4265347142933812 0.07346528570661881 0.4265347142933812 0.07346528570661881
3 0.4265347142933812 0.07346528570661881 0.4265347142933812 0.07346528570661881
4 0.4265347142933812 0.07346528570661881 0.4265347142933812 0.07346528570661881
5 0.4265347142933812 0.07346528570661881 0.4265347142933812 0.07346528570661881
6 0.4265347142933812 0.07346528570661881 0.4265347142933812 0.07346528570661881
7 0.4265347142933812 0.07346528570661881 0.4265347142933812 0.07346528570661881
8 0.4265347142933812 0.07346528570661881 0.4265347142933812 0.07346528570661881
9 0.5389855292969989 0.09283353634448047 0.09283353634448047 0.27534739801404007
10 0.04903364184907423 0.75649728176023 0.04903364184907423 0.14543543454162153
11 0.054264872874399524 0.054264872874399524 0.054264872874399524 0.8372053813768014
12 0.09283353634448047 0.27534739801404007 0.09283353634448047 0.5389855292969989
13 0.09283353634448047 0.27534739801404007 0.09283353634448047 0.5389855292969989
14 0.09283353634448047 0.27534739801404007 0.09283353634448047 0.5389855292969989
15 0.09283353634448047 0.27534739801404007 0.09283353634448047 0.5389855292969989
16 0.09283353634448047 0.27534739801404007 0.09283353634448047 0.5389855292969989
17 0.09283353634448047 0.27534739801404007 0.09283353634448047 0.5389855292969989
18 0.054264872874399524 0.054264872874399524 0.054264872874399524 0.8372053813768014
19 0.04903364184907423 0.75649728176023 0.04903364184907423 0.14543543454162153
20 0.5389855292969989 0.09283353634448047 0.09283353634448047 0.27534739801404007
21 0.4265347142933812 0.07346528570661881 0.4265347142933812 0.07346528570661881
22 0.4265347142933812 0.07346528570661881 0.4265347142933812 0.07346528570661881
23 0.4265347142933812 0.07346528570661881 0.4265347142933812 0.07346528570661881
24 0.4265347142933812 0.07346528570661881 0.4265347142933812 0.07346528570661881
25 0.4265347142933812 0.07346528570661881 0.4265347142933812 0.07346528570661881
26 0.4265347142933812 0.07346528570661881 0.4265347142933812 0.07346528570661881
27 0.4265347142933812 0.07346528570661881 0.4265347142933812 0.07346528570661881
28 0.4265347142933812 0.07346528570661881 0.4265347142933812 0.07346528570661881
29 0.4265347142933812 0.07346528570661881 0.4265347142933812 0.07346528570661881
1000 0.37392946282481493 0.12607053717518507 0.12607053717518507 0.37392946282481493
1001 0.37392946282481493 0.12607053717518507 0.12607053717518507 0.37392946282481493
1002 0.37392946282481493 0.12607053717518507 0.12607053717518507 0.37392946282481493
1003 0.37392946282481493 0.12607053717518507 0.12607053717518507 0.37392946282481493
1004 0.37392946282481493 0.12607053717518507 0.12607053717518507 0.37392946282481493
1005 0.07850524154821431 0.45579637310637505 0.2328491926727053 0.2328491926727053
1006 0.11355976816203302 0.11355976816203302 0.11355976816203302 0.6593206955139009
1007 0.09283353634448047 0.27534739801404007 0.09283353634448047 0.5389855292969989
1008 0.11355976816203302 0.11355976816203302 0.11355976816203302 0.6593206955139009
1009 0.07850524154821431 0.45579637310637505 0.2328491926727053 0.2328491926727053
1010 0.37392946282481493 0.12607053717518507 0.12607053717518507 0.37392946282481493
1011 0.37392946282481493 0.12607053717518507 0.12607053717518507 0.37392946282481493
1012 0.37392946282481493 0.12607053717518507 0.12607053717518507 0.37392946282481493
1013 0.37392946282481493 0.12607053717518507 0.12607053717518507 0.37392946282481493
1014 0.37392946282481493 0.12607053717518507 0.12607053717518507 0.37392946282481493
